3371020004,3371020,WATES
3371020005,3371020,POTROBANGSAN
3371020006,3371020,KEDUNGSARI
3371020008,3371020,KRAMAT UTARA
3371020009,3371020,KRAMAT SELATAN
