3509190001,3509190,KARANGSONO
3509190002,3509190,SUKOREJO
3509190004,3509190,TISNOGAMBAR
3509190005,3509190,LANGKAP
3509190006,3509190,BANGSALSARI
3509190007,3509190,GAMBIRONO
3509190008,3509190,CURAH KALONG
3509190009,3509190,TUGUSARI
3509190010,3509190,BANJARSARI
3509190011,3509190,BADEAN
