9107121001,9107121,MAKOTYAMSA
9107121002,9107121,MAKBALIM
9107121003,9107121,YEFLIO
9107121004,9107121,MAKBUSUN
9107121005,9107121,ARAR
9107121006,9107121,KLAIN
9107121007,9107121,KLASMELEK
